Validation index is 44974
Distribution for training set: [73.12224841019255, 17.81251389691822, 7.373148930493174, 1.692088762396051]
Distribution for validation set: [73.20392235341205, 17.97078246948169, 7.244346607964779, 1.5809485691414848]
Bodies Size: 1683, Stances Size: 49972, Split Index: 44974
Shape of Count Matrix: (44975, 1000)
Shape of TF-IDF Matrix: (44975, 1000)
Average Distances: [(6.536507909457498, 'SumAbsDiff'), (7.782967374247636, 'SumSqrDiff'), (7.262492066308912, 'MeanSAD'), (6.5771805547521165, 'MeanSSD'), (10.69325228135337, 'Euclidean'), (9.027954501457598, 'Chebyschev'), (22.659620363543365, 'Minkowski'), (7.580329739397139, 'Canberra')]
Predicting 4 classes
4997
[-4.45375839 -2.80643198 -4.21999282 ... -4.44464054 -4.65424164
 -4.75384712]
[3543.56161304 2985.28796599 3402.09662444 ... 3400.99148572 3632.83645376
 3552.91578011]
[-2807225.50710046 -2364736.8524821  -2695174.58935456 ...
 -2693866.26740703 -2877786.60108112 -2813852.73523869]
[2.22385274e+09 1.87332064e+09 2.13508737e+09 ... 2.13405007e+09
 2.27975007e+09 2.22910114e+09]
[-1.76171148e+12 -1.48402384e+12 -1.69139254e+12 ... -1.69057080e+12
 -1.80599273e+12 -1.76586920e+12]
[1.39560830e+15 1.17562723e+15 1.33990241e+15 ... 1.33925145e+15
 1.43068741e+15 1.39890200e+15]
[-1.10558542e+18 -9.31318860e+17 -1.06145583e+18 ... -1.06094015e+18
 -1.13337471e+18 -1.10819466e+18]
[8.75832514e+20 7.37780474e+20 8.40873543e+20 ... 8.40465019e+20
 8.97846875e+20 8.77899519e+20]
[-6.93824807e+23 -5.84461511e+23 -6.66130697e+23 ... -6.65807069e+23
 -7.11264339e+23 -6.95462264e+23]
[5.49640319e+26 4.63003929e+26 5.27701352e+26 ... 5.27444978e+26
 5.63455723e+26 5.50937495e+26]
[-4.35418966e+29 -3.66786578e+29 -4.18039160e+29 ... -4.17836063e+29
 -4.46363376e+29 -4.36446574e+29]
[3.44934077e+32 2.90564261e+32 3.31165987e+32 ... 3.31005096e+32
 3.53604117e+32 3.45748137e+32]
[-2.73252951e+35 -2.30181785e+35 -2.62346023e+35 ... -2.62218567e+35
 -2.80121261e+35 -2.73897840e+35]
[2.16467958e+38 1.82347458e+38 2.07827611e+38 ... 2.07726641e+38
 2.21908957e+38 2.16978832e+38]
[-1.71483516e+41 -1.44453634e+41 -1.64638729e+41 ... -1.64558742e+41
 -1.75793815e+41 -1.71888225e+41]
[1.35847340e+44 1.14434568e+44 1.30424975e+44 ... 1.30361611e+44
 1.39261911e+44 1.36167946e+44]
[-1.07616757e+47 -9.06537955e+46 -1.03321219e+47 ... -1.03271023e+47
 -1.10321742e+47 -1.07870737e+47]
[8.52528013e+49 7.18149317e+49 8.18499244e+49 ... 8.18101591e+49
 8.73956607e+49 8.54540018e+49]
[-6.75363239e+52 -5.68909926e+52 -6.48406025e+52 ... -6.48091009e+52
 -6.92338734e+52 -6.76957127e+52]
[5.35015269e+55 4.50684135e+55 5.13660064e+55 ... 5.13410511e+55
 5.48463068e+55 5.36277930e+55]
[-4.23833164e+58 -3.57026975e+58 -4.06915807e+58 ... -4.06718114e+58
 -4.34486361e+58 -4.24833430e+58]
[3.35755933e+61 2.82832811e+61 3.22354190e+61 ... 3.22197580e+61
 3.44195278e+61 3.36548332e+61]
[-2.65982127e+64 -2.24057017e+64 -2.55365415e+64 ... -2.55241351e+64
 -2.72667683e+64 -2.66609857e+64]
[2.10708092e+67 1.77495484e+67 2.02297651e+67 ... 2.02199368e+67
 2.16004315e+67 2.11205373e+67]
[-1.66920614e+70 -1.40609954e+70 -1.60257956e+70 ... -1.60180097e+70
 -1.71116223e+70 -1.67314554e+70]
[1.32232660e+73 1.11389647e+73 1.26954576e+73 ... 1.26892897e+73
 1.35556375e+73 1.32544735e+73]
[-1.04753247e+76 -8.82416431e+75 -1.00572007e+76 ... -1.00523146e+76
 -1.07386257e+76 -1.05000469e+76]
[8.29843607e+78 6.99040513e+78 7.96720289e+78 ... 7.96333217e+78
 8.50702021e+78 8.31802075e+78]
[-6.57392904e+81 -5.53772143e+81 -6.31152979e+81 ... -6.30846344e+81
 -6.73916708e+81 -6.58944381e+81]
[5.20779369e+84 4.38692152e+84 4.99992392e+84 ... 4.99749479e+84
 5.33869344e+84 5.22008432e+84]
[-4.12555642e+87 -3.47527058e+87 -3.96088429e+87 ... -3.95895996e+87
 -4.22925375e+87 -4.13529292e+87]
[3.26822005e+90 2.75307082e+90 3.13776861e+90 ... 3.13624419e+90
 3.35036792e+90 3.27593320e+90]
[-2.58904769e+93 -2.18095218e+93 -2.48570550e+93 ... -2.48449787e+93
 -2.65412432e+93 -2.59515796e+93]
[2.05101487e+96 1.72772613e+96 1.96914834e+96 ... 1.96819166e+96
 2.10256786e+96 2.05585536e+96]
[-1.62479124e+99 -1.36868549e+99 -1.55993748e+99 ... -1.55917961e+99
 -1.66563094e+99 -1.62862582e+99]
[1.28714160e+102 1.08425747e+102 1.23576518e+102 ... 1.23516480e+102
 1.31949436e+102 1.29017932e+102]
[-1.01965931e+105 -8.58936743e+104 -9.78959470e+104 ... -9.78483860e+104
 -1.04528881e+105 -1.02206575e+105]
[8.07762797e+107 6.80440164e+107 7.75520837e+107 ... 7.75144064e+107
 8.28066201e+107 8.09669154e+107]
[-6.39900731e+110 -5.39037153e+110 -6.14359008e+110 ... -6.14060533e+110
 -6.55984863e+110 -6.41410926e+110]
[5.06922264e+113 4.27019256e+113 4.86688394e+113 ... 4.86451946e+113
 5.19663935e+113 5.08118624e+113]
[-4.01578197e+116 -3.38279920e+116 -3.85549150e+116 ... -3.85361837e+116
 -4.11672007e+116 -4.02525940e+116]
[3.18125795e+119 2.67981601e+119 3.05427761e+119 ... 3.05279375e+119
 3.26122000e+119 3.18876586e+119]
[-2.52015727e+122 -2.12292053e+122 -2.41956486e+122 ... -2.41838936e+122
 -2.58350232e+122 -2.52610496e+122]
[1.99644065e+125 1.68175411e+125 1.91675245e+125 ... 1.91582123e+125
 2.04662189e+125 2.00115234e+125]
[-1.58155814e+128 -1.33226696e+128 -1.51843004e+128 ... -1.51769234e+128
 -1.62131117e+128 -1.58529069e+128]
[1.25289283e+131 1.05540711e+131 1.20288344e+131 ... 1.20229904e+131
 1.28438473e+131 1.25584971e+131]
[-9.92527805e+133 -8.36081811e+133 -9.52910925e+133 ... -9.52447971e+133
 -1.01747534e+134 -9.94870215e+133]
[7.86269522e+136 6.62334740e+136 7.54885469e+136 ... 7.54518721e+136
 8.06032685e+136 7.88125153e+136]
[-6.22873997e+139 -5.24694237e+139 -5.98011898e+139 ... -5.97721365e+139
 -6.38530156e+139 -6.24344008e+139]
[4.93433874e+142 4.15656957e+142 4.73738395e+142 ... 4.73508238e+142
 5.05836509e+142 4.94598400e+142]
[-4.45375839 -3.80643198 -4.21999282 ... -4.44464054 -4.65424164
 -4.75384712]
[3583.22318117 3018.40771012 3440.15533736 ... 3439.15930679 3673.5022555
 3592.67651117]
[-2838766.82626643 -2391309.92189522 -2725457.20433729 ...
 -2724135.29047514 -2910120.82619233 -2845469.90703541]
[2.24884022e+09 1.89436950e+09 2.15907747e+09 ... 2.15802852e+09
 2.30536562e+09 2.25414760e+09]
[-1.78150629e+12 -1.50069852e+12 -1.71039723e+12 ... -1.70956626e+12
 -1.82628508e+12 -1.78571073e+12]
[1.41128953e+15 1.18883673e+15 1.35495772e+15 ... 1.35429944e+15
 1.44676279e+15 1.41462024e+15]
[-1.11800792e+18 -9.41783272e+17 -1.07338248e+18 ... -1.07286100e+18
 -1.14610944e+18 -1.12064647e+18]
[8.85673475e+20 7.46070266e+20 8.50321701e+20 ... 8.49908587e+20
 9.07935193e+20 8.87763705e+20]
[-7.01620707e+23 -5.91028592e+23 -6.73615423e+23 ... -6.73288159e+23
 -7.19256192e+23 -7.03276564e+23]
[5.55816144e+26 4.68206297e+26 5.33630669e+26 ... 5.33371414e+26
 5.69786780e+26 5.57127896e+26]
[-4.40311387e+29 -3.70907837e+29 -4.22736299e+29 ... -4.22530920e+29
 -4.51378770e+29 -4.41350542e+29]
[3.48809798e+32 2.93829076e+32 3.34887009e+32 ... 3.34724310e+32
 3.57577256e+32 3.49633005e+32]
[-2.76323255e+35 -2.32768136e+35 -2.65293775e+35 ... -2.65164887e+35
 -2.83268738e+35 -2.76975390e+35]
[2.18900218e+38 1.84396336e+38 2.10162787e+38 ... 2.10060683e+38
 2.24402353e+38 2.19416833e+38]
[-1.73410326e+41 -1.46076733e+41 -1.66488630e+41 ... -1.66407744e+41
 -1.77769056e+41 -1.73819582e+41]
[1.37373737e+44 1.15720368e+44 1.31890446e+44 ... 1.31826370e+44
 1.40826675e+44 1.37697946e+44]
[-1.08825952e+47 -9.16723927e+46 -1.04482149e+47 ... -1.04431388e+47
 -1.11561331e+47 -1.09082786e+47]
[8.62107122e+49 7.26218530e+49 8.27696001e+49 ... 8.27293880e+49
 8.83776490e+49 8.64141734e+49]
[-6.82951703e+52 -5.75302267e+52 -6.55691595e+52 ... -6.55373039e+52
 -7.00117936e+52 -6.84563500e+52]
[5.41026766e+55 4.55748077e+55 5.19431611e+55 ... 5.19179255e+55
 5.54625666e+55 5.42303614e+55]
[-4.28595405e+58 -3.61038573e+58 -4.11487963e+58 ... -4.11288049e+58
 -4.39368303e+58 -4.29606910e+58]
[3.39528528e+61 2.86010755e+61 3.25976202e+61 ... 3.25817832e+61
 3.48062698e+61 3.40329831e+61]
[-2.68970735e+64 -2.26574549e+64 -2.58234732e+64 ... -2.58109274e+64
 -2.75731410e+64 -2.69605518e+64]
[2.13075634e+67 1.79489845e+67 2.04570692e+67 ... 2.04471305e+67
 2.18431366e+67 2.13578502e+67]
[-1.68796155e+70 -1.42189865e+70 -1.62058634e+70 ... -1.61979900e+70
 -1.73038906e+70 -1.69194521e+70]
[1.33718442e+73 1.12641235e+73 1.28381053e+73 ... 1.28318681e+73
 1.37079503e+73 1.34034024e+73]
[-1.05930267e+76 -8.92331370e+75 -1.01702046e+76 ... -1.01652636e+76
 -1.08592862e+76 -1.06180267e+76]
[8.39167831e+78 7.06895017e+78 8.05672336e+78 ... 8.05280914e+78
 8.60260612e+78 8.41148305e+78]
[-6.64779451e+81 -5.59994395e+81 -6.38244691e+81 ... -6.37934611e+81
 -6.81488919e+81 -6.66348361e+81]
[5.26630910e+84 4.43621350e+84 5.05610367e+84 ... 5.05364726e+84
 5.39867965e+84 5.27873783e+84]
[-4.17191168e+87 -3.51431915e+87 -4.00538927e+87 ... -4.00344332e+87
 -4.27677416e+87 -4.18175758e+87]
[3.30494217e+90 2.78400466e+90 3.17302497e+90 ... 3.17148341e+90
 3.38801307e+90 3.31274199e+90]
[-2.61813854e+93 -2.20545762e+93 -2.51363520e+93 ... -2.51241399e+93
 -2.68394639e+93 -2.62431747e+93]
[2.07406032e+96 1.74713908e+96 1.99127393e+96 ... 1.99030651e+96
 2.12619257e+96 2.07895520e+96]
[-1.64304759e+99 -1.38406420e+99 -1.57746513e+99 ... -1.57669875e+99
 -1.68434618e+99 -1.64692526e+99]
[1.30160408e+102 1.09644032e+102 1.24965038e+102 ... 1.24904326e+102
 1.33432036e+102 1.30467593e+102]
[-1.03111632e+105 -8.68587861e+104 -9.89959178e+104 ... -9.89478224e+104
 -1.05703380e+105 -1.03354980e+105]
[8.16838918e+107 6.88085672e+107 7.84234684e+107 ... 7.83853678e+107
 8.37370454e+107 8.18766695e+107]
[-6.47090734e+110 -5.45093840e+110 -6.21262021e+110 ... -6.20960192e+110
 -6.63355589e+110 -6.48617897e+110]
[5.12618105e+113 4.31817296e+113 4.92156885e+113 ... 4.91917779e+113
 5.25502943e+113 5.13827907e+113]
[-4.06090379e+116 -3.42080874e+116 -3.89881227e+116 ... -3.89691810e+116
 -4.16297604e+116 -4.07048770e+116]
[3.21700295e+119 2.70992675e+119 3.08859585e+119 ... 3.08709531e+119
 3.29786346e+119 3.22459522e+119]
[-2.54847407e+122 -2.14677393e+122 -2.44675139e+122 ... -2.44556268e+122
 -2.61253087e+122 -2.55448858e+122]
[2.01887290e+125 1.70065050e+125 1.93828932e+125 ... 1.93734764e+125
 2.06961799e+125 2.02363753e+125]
[-1.59932873e+128 -1.34723647e+128 -1.53549131e+128 ... -1.53474532e+128
 -1.63952842e+128 -1.60310321e+128]
[1.26697048e+131 1.06726579e+131 1.21639919e+131 ... 1.21580822e+131
 1.29881624e+131 1.26996059e+131]
[-1.00367997e+134 -8.45476128e+133 -9.63617949e+133 ... -9.63149792e+133
 -1.02890782e+134 -1.00604870e+134]
[7.95104142e+136 6.69776814e+136 7.63367454e+136 ... 7.62996586e+136
 8.15089367e+136 7.96980624e+136]
[-6.29872685e+139 -5.30589766e+139 -6.04731233e+139 ... -6.04437435e+139
 -6.45704759e+139 -6.31359213e+139]
[4.98978157e+142 4.20327329e+142 4.79061378e+142 ... 4.78828634e+142
 5.11520150e+142 5.00155768e+142]
[-4.45375839 -3.80643198 -4.21999282 ... -4.44464054 -4.65424164
 -4.75384712]
[3472.4010789  2922.92701023 3333.47596844 ... 3331.49405155 3559.80548127
 3480.23344271]
[-2750407.54457853 -2316870.15205253 -2640623.0370709  ...
 -2639336.72873815 -2819540.02781345 -2756893.67029169]
[2.17883982e+09 1.83540279e+09 2.09187113e+09 ... 2.09085481e+09
 2.23360573e+09 2.18398195e+09]
[-1.72605273e+12 -1.45398576e+12 -1.65715711e+12 ... -1.65635201e+12
 -1.76943768e+12 -1.73012630e+12]
[1.36735984e+15 1.15183140e+15 1.31278149e+15 ... 1.31214370e+15
 1.40172891e+15 1.37058687e+15]
[-1.08320730e+18 -9.12468062e+17 -1.03997094e+18 ... -1.03946569e+18
 -1.11043410e+18 -1.08576372e+18]
[8.58104814e+20 7.22847081e+20 8.23853446e+20 ... 8.23453192e+20
 8.79673583e+20 8.60129980e+20]
[-6.79781119e+23 -5.72631443e+23 -6.52647565e+23 ... -6.52330488e+23
 -6.96867659e+23 -6.81385433e+23]
[5.38515065e+26 4.53632280e+26 5.17020165e+26 ... 5.16768980e+26
 5.52050832e+26 5.39785985e+26]
[-4.26605663e+29 -3.59362462e+29 -4.09577642e+29 ... -4.09378656e+29
 -4.37328548e+29 -4.27612472e+29]
[3.37952276e+32 2.84682958e+32 3.24462866e+32 ... 3.24305232e+32
 3.46446827e+32 3.38749859e+32]
[-2.67722046e+35 -2.25522683e+35 -2.57035885e+35 ... -2.56911009e+35
 -2.74451335e+35 -2.68353882e+35]
[2.12086436e+38 1.78656569e+38 2.03620978e+38 ... 2.03522053e+38
 2.17417304e+38 2.12586970e+38]
[-1.68012523e+41 -1.41529753e+41 -1.61306281e+41 ... -1.61227913e+41
 -1.72235578e+41 -1.68409041e+41]
[1.33097658e+44 1.12118301e+44 1.27785047e+44 ... 1.27722965e+44
 1.36443115e+44 1.33411775e+44]
[-1.05438489e+47 -8.88188747e+46 -1.01229898e+47 ... -1.01180717e+47
 -1.08088723e+47 -1.05687329e+47]
[8.35272018e+49 7.03613277e+49 8.01932025e+49 ... 8.01542420e+49
 8.56266877e+49 8.37243298e+49]
[-6.61693231e+52 -5.57394637e+52 -6.35281658e+52 ... -6.34973018e+52
 -6.78325126e+52 -6.63254857e+52]
[5.24186041e+55 4.41561851e+55 5.03263085e+55 ... 5.03018584e+55
 5.37361643e+55 5.25423144e+55]
[-4.15254370e+58 -3.49800402e+58 -3.98679436e+58 ... -3.98485745e+58
 -4.25691936e+58 -4.16234389e+58]
[3.28959907e+61 2.77108000e+61 3.15829429e+61 ... 3.15675989e+61
 3.37228431e+61 3.29736268e+61]
[-2.60598391e+64 -2.19521885e+64 -2.50196572e+64 ... -2.50075018e+64
 -2.67148624e+64 -2.61213415e+64]
[2.06443156e+67 1.73902803e+67 1.98202950e+67 ... 1.98106656e+67
 2.11632178e+67 2.06930371e+67]
[-1.63541979e+70 -1.37763873e+70 -1.57014179e+70 ... -1.56937897e+70
 -1.67652665e+70 -1.63927946e+70]
[1.29556142e+73 1.09135012e+73 1.24384892e+73 ... 1.24324462e+73
 1.32812582e+73 1.29861901e+73]
[-1.02632940e+76 -8.64555466e+75 -9.85363321e+75 ... -9.84884600e+75
 -1.05212655e+76 -1.02875158e+76]
[8.13046767e+78 6.84891254e+78 7.80593897e+78 ... 7.80214659e+78
 8.33482986e+78 8.14965594e+78]
[-6.44086634e+81 -5.42563258e+81 -6.18377830e+81 ... -6.18077402e+81
 -6.60275980e+81 -6.45606707e+81]
[5.10238290e+84 4.29812597e+84 4.89872060e+84 ... 4.89634065e+84
 5.23063310e+84 5.11442475e+84]
[-4.04205115e+87 -3.40492773e+87 -3.88071214e+87 ... -3.87882677e+87
 -4.14364954e+87 -4.05159058e+87]
[3.20206811e+90 2.69734600e+90 3.07425713e+90 ... 3.07276356e+90
 3.28255322e+90 3.20962513e+90]
[-2.53664285e+93 -2.13680759e+93 -2.43539241e+93 ... -2.43420922e+93
 -2.60040227e+93 -2.54262944e+93]
[2.00950034e+96 1.69275528e+96 1.92929087e+96 ... 1.92835355e+96
 2.06000984e+96 2.01424285e+96]
[-1.59190389e+99 -1.34098196e+99 -1.52836283e+99 ... -1.52762030e+99
 -1.63191696e+99 -1.59566085e+99]
[1.26108861e+102 1.06231104e+102 1.21075209e+102 ... 1.21016387e+102
 1.29278652e+102 1.26406483e+102]
[-9.99020413e+104 -8.41551029e+104 -9.59144380e+104 ... -9.58678397e+104
 -1.02413115e+105 -1.00137815e+105]
[7.91412894e+107 6.66667394e+107 7.59823543e+107 ... 7.59454396e+107
 8.11305338e+107 7.93280664e+107]
[-6.26948519e+110 -5.28126518e+110 -6.01923786e+110 ... -6.01631352e+110
 -6.42707093e+110 -6.28428146e+110]
[4.96661665e+113 4.18375971e+113 4.76837349e+113 ... 4.76605686e+113
 5.09145433e+113 4.97833809e+113]
[-3.93449864e+116 -3.31432806e+116 -3.77745261e+116 ... -3.77561740e+116
 -4.03339366e+116 -3.94378424e+116]
[3.11686620e+119 2.62557394e+119 2.99245607e+119 ... 2.99100224e+119
 3.19520974e+119 3.12422214e+119]
[-2.46914684e+122 -2.07995056e+122 -2.37059052e+122 ... -2.36943881e+122
 -2.53120973e+122 -2.47497414e+122]
[1.95603075e+125 1.64771377e+125 1.87795552e+125 ... 1.87704315e+125
 2.00519628e+125 1.96064707e+125]
[-1.54954587e+128 -1.30530058e+128 -1.48769554e+128 ... -1.48697277e+128
 -1.58849426e+128 -1.55320287e+128]
[1.22753306e+131 1.03404465e+131 1.17853591e+131 ... 1.17796334e+131
 1.25838754e+131 1.23043009e+131]
[-9.72438078e+133 -8.19158703e+133 -9.33623083e+133 ... -9.33169499e+133
 -9.96880655e+133 -9.74733076e+133]
[7.70354663e+136 6.48928442e+136 7.39605854e+136 ... 7.39246530e+136
 7.89717801e+136 7.72172735e+136]
[-6.10266423e+139 -5.14073916e+139 -5.85907557e+139 ... -5.85622904e+139
 -6.25605686e+139 -6.11706679e+139]
[4.83446293e+142 4.07243657e+142 4.64149470e+142 ... 4.63923972e+142
 4.95597888e+142 4.84587249e+142]
[-3.45375839 -3.80643198 -3.21999282 ... -3.44464054 -3.65424164
 -3.75384712]
[2957.60509405 2493.34087801 2839.5370576  ... 2839.90444618 3032.30971136
 2966.55220701]
[-2343779.09495853 -1974354.60017694 -2250228.36213761 ...
 -2249143.20798938 -2402692.11668384 -2349322.09216116]
[1.85672000e+09 1.56405681e+09 1.78260879e+09 ... 1.78174278e+09
 1.90338932e+09 1.86110201e+09]
[-1.47087302e+12 -1.23902844e+12 -1.41216293e+12 ... -1.41147685e+12
 -1.50784393e+12 -1.47434435e+12]
[1.16520930e+15 9.81544591e+14 1.11869981e+15 ... 1.11815631e+15
 1.19449724e+15 1.16795924e+15]
[-9.23065884e+17 -7.77568741e+17 -8.86221587e+17 ... -8.85791032e+17
 -9.46267473e+17 -9.25244362e+17]
[7.31242559e+20 6.15981335e+20 7.02054914e+20 ... 7.01713834e+20
 7.49622600e+20 7.32968324e+20]
[-5.79282247e+23 -4.87973584e+23 -5.56160119e+23 ... -5.55889918e+23
 -5.93842712e+23 -5.80649379e+23]
[4.58900973e+26 3.86567262e+26 4.40583879e+26 ... 4.40369830e+26
 4.70435612e+26 4.59984000e+26]
[-3.63536262e+29 -3.06234299e+29 -3.49025664e+29 ... -3.48856096e+29
 -3.72673875e+29 -3.64394224e+29]
[2.87989396e+32 2.42595416e+32 2.76494261e+32 ... 2.76359931e+32
 2.95228112e+32 2.88669064e+32]
[-2.28142006e+35 -1.92181399e+35 -2.19035688e+35 ... -2.18929273e+35
 -2.33876437e+35 -2.28680432e+35]
[1.80731568e+38 1.52243973e+38 1.73517643e+38 ... 1.73433343e+38
 1.85274320e+38 1.81158103e+38]
[-1.43173544e+41 -1.20605988e+41 -1.37458753e+41 ... -1.37391971e+41
 -1.46772262e+41 -1.43511440e+41]
[1.13420494e+44 9.55427260e+43 1.08893300e+44 ... 1.08840396e+44
 1.16271359e+44 1.13688172e+44]
[-8.98504579e+46 -7.56878882e+46 -8.62640649e+46 ... -8.62221550e+46
 -9.21088810e+46 -9.00625090e+46]
[7.11785364e+49 5.99591058e+49 6.83374357e+49 ... 6.83042352e+49
 7.29676342e+49 7.13465210e+49]
[-5.63868473e+52 -4.74989388e+52 -5.41361588e+52 ... -5.41098577e+52
 -5.78041508e+52 -5.65199229e+52]
[4.46690353e+55 3.76281326e+55 4.28860648e+55 ... 4.28652293e+55
 4.57918073e+55 4.47744562e+55]
[-3.53863144e+58 -2.98085895e+58 -3.39738650e+58 ... -3.39573594e+58
 -3.62757620e+58 -3.54698277e+58]
[2.80326459e+61 2.36140340e+61 2.69137191e+61 ... 2.69006436e+61
 2.87372564e+61 2.80988042e+61]
[-2.22071513e+64 -1.87067759e+64 -2.13207499e+64 ... -2.13103916e+64
 -2.27653359e+64 -2.22595612e+64]
[1.75922590e+67 1.48193005e+67 1.68900617e+67 ... 1.68818559e+67
 1.80344467e+67 1.76337775e+67]
[-1.39363925e+70 -1.17396855e+70 -1.33801196e+70 ... -1.33736191e+70
 -1.42866887e+70 -1.39692830e+70]
[1.10402556e+73 9.30004870e+72 1.05995824e+73 ... 1.05944327e+73
 1.13177564e+73 1.10663111e+73]
[-8.74596810e+75 -7.36739546e+75 -8.39687162e+75 ... -8.39279215e+75
 -8.96580111e+75 -8.76660898e+75]
[6.92845895e+78 5.83636900e+78 6.65190859e+78 ... 6.64867688e+78
 7.10260823e+78 6.94481043e+78]
[-5.48864836e+81 -4.62350680e+81 -5.26956823e+81 ... -5.26700810e+81
 -5.62660748e+81 -5.50160182e+81]
[4.34804637e+84 3.66269082e+84 4.17449352e+84 ... 4.17246542e+84
 4.45733606e+84 4.35830796e+84]
[-3.44447412e+87 -2.90154306e+87 -3.30698748e+87 ... -3.30538084e+87
 -3.53105220e+87 -3.45260324e+87]
[2.72867421e+90 2.29857024e+90 2.61975881e+90 ... 2.61848605e+90
 2.79726040e+90 2.73511400e+90]
[-2.16162545e+93 -1.82090186e+93 -2.07534389e+93 ... -2.07433562e+93
 -2.21595868e+93 -2.16672699e+93]
[1.71241572e+96 1.44249826e+96 1.64406441e+96 ... 1.64326568e+96
 1.75545789e+96 1.71645709e+96]
[-1.35655674e+99 -1.14273113e+99 -1.30240960e+99 ... -1.30177685e+99
 -1.39065428e+99 -1.35975828e+99]
[1.07464921e+102 9.05258929e+101 1.03175444e+102 ... 1.03125318e+102
 1.10166090e+102 1.07718543e+102]
[-8.51325189e+104 -7.17136086e+104 -8.17344430e+104 ... -8.16947338e+104
 -8.72723549e+104 -8.53334355e+104]
[6.74410375e+107 5.68107256e+107 6.47491195e+107 ... 6.47176623e+107
 6.91361919e+107 6.76002014e+107]
[-5.34260421e+110 -4.50048269e+110 -5.12935345e+110 ... -5.12686145e+110
 -5.47689246e+110 -5.35521300e+110]
[4.23235182e+113 3.56523248e+113 4.06341693e+113 ... 4.06144279e+113
 4.33873348e+113 4.24234036e+113]
[-3.35282218e+116 -2.82433764e+116 -3.21899384e+116 ... -3.21742995e+116
 -3.43709656e+116 -3.36073499e+116]
[2.65606856e+119 2.23740896e+119 2.55005123e+119 ... 2.54881233e+119
 2.72282978e+119 2.66233700e+119]
[-2.10410806e+122 -1.77245057e+122 -2.02012231e+122 ... -2.01914087e+122
 -2.15699556e+122 -2.10907385e+122]
[1.66685107e+125 1.40411569e+125 1.60031849e+125 ... 1.59954101e+125
 1.70874797e+125 1.67078492e+125]
[-1.32046094e+128 -1.11232488e+128 -1.26775456e+128 ... -1.26713865e+128
 -1.35365119e+128 -1.32357729e+128]
[1.04605451e+131 8.81171438e+130 1.00430111e+131 ... 1.00381319e+131
 1.07234747e+131 1.04852325e+131]
[-8.28672788e+133 -6.98054243e+133 -7.95596203e+133 ... -7.95209677e+133
 -8.49501773e+133 -8.30628493e+133]
[6.56465394e+136 5.52990831e+136 6.30262491e+136 ... 6.29956289e+136
 6.72965885e+136 6.58014682e+136]
[-5.20044606e+139 -4.38073205e+139 -4.99286957e+139 ... -4.99044387e+139
 -5.33116112e+139 -5.21271935e+139]
[4.11973571e+142 3.47036735e+142 3.95529591e+142 ... 3.95337430e+142
 4.22328673e+142 4.12945847e+142]
Predicting 4 classes
4997
4997 [3, 3, 3, 3, 3, 3, 3, 3, 3, 3, 3, 3, 3, 3, 3, 3, 3, 3, 3, 3, 3, 3, 3, 3, 3, 3, 3, 3, 3, 3, 3, 3, 3, 3, 3, 3, 3, 3, 3, 3, 3, 3, 3, 3, 3, 3, 3, 3, 3, 3, 3, 3, 3, 3, 3, 3, 3, 3, 3, 3, 3, 3, 3, 3, 3, 3, 3, 3, 3, 3, 3, 3, 3, 3, 3, 3, 3, 3, 3, 3, 3, 3, 3, 3, 3, 3, 3, 3, 3, 3, 3, 3, 3, 3, 3, 3, 3, 3, 3, 3, 3, 3, 3, 3, 3, 3, 3, 3, 3, 3, 3, 3, 3, 3, 3, 3, 3, 3, 3, 3, 3, 3, 3, 3, 3, 3, 3, 3, 3, 3, 3, 3, 3, 3, 3, 3, 3, 3, 3, 3, 3, 3, 3, 3, 3, 3, 3, 3, 3, 3, 3, 3, 3, 3, 3, 3, 3, 3, 3, 3, 3, 3, 3, 3, 3, 3, 3, 3, 3, 3, 3, 3, 3, 3, 3, 3, 3, 3, 3, 3, 3, 3, 3, 3, 3, 3, 3, 3, 3, 3, 3, 3, 3, 3, 3, 3, 3, 3, 3, 3, 3, 3, 3, 3, 3, 3, 3, 3, 3, 3, 3, 3, 3, 3, 3, 3, 3, 3, 3, 3, 3, 3, 3, 3, 3, 3, 3, 3, 3, 3, 3, 3, 3, 3, 3, 3, 3, 3, 3, 3, 3, 3, 3, 3, 3, 3, 3, 3, 3, 3, 3, 3, 3, 3, 3, 3, 3, 3, 3, 3, 3, 3, 3, 3, 3, 3, 3, 3, 3, 3, 3, 3, 3, 3, 3, 3, 3, 3, 3, 3, 3, 3, 3, 3, 3, 3, 3, 3, 3, 3, 3, 3, 3, 3, 3, 3, 3, 3, 3, 3, 3, 3, 3, 3, 3, 3, 3, 3, 3, 3, 3, 3, 3, 3, 3, 3, 3, 3, 3, 3, 3, 3, 3, 3, 3, 3, 3, 3, 3, 3, 3, 3, 3, 3, 3, 3, 3, 3, 3, 3, 3, 3, 3, 3, 3, 3, 3, 3, 3, 3, 3, 3, 3, 3, 3, 3, 3, 3, 3, 3, 3, 3, 3, 3, 3, 3, 3, 3, 3, 3, 3, 3, 3, 3, 3, 3, 3, 3, 3, 3, 3, 3, 3, 3, 3, 3, 3, 3, 3, 3, 3, 3, 3, 3, 3, 3, 3, 3, 3, 3, 3, 3, 3, 3, 3, 3, 3, 3, 3, 3, 3, 3, 3, 3, 3, 3, 3, 3, 3, 3, 3, 3, 3, 3, 3, 3, 3, 3, 3, 3, 3, 3, 3, 3, 3, 3, 3, 3, 3, 3, 3, 3, 3, 3, 3, 3, 3, 3, 3, 3, 3, 3, 3, 3, 3, 3, 3, 3, 3, 3, 3, 3, 3, 3, 3, 3, 3, 3, 3, 3, 3, 3, 3, 3, 3, 3, 3, 3, 3, 3, 3, 3, 3, 3, 3, 3, 3, 3, 3, 3, 3, 3, 3, 3, 3, 3, 3, 3, 3, 3, 3, 3, 3, 3, 3, 3, 3, 3, 3, 3, 3, 3, 3, 3, 3, 3, 3, 3, 3, 3, 3, 3, 3, 3, 3, 3, 3, 3, 3, 3, 3, 3, 3, 3, 3, 3, 3, 3, 3, 3, 3, 3, 3, 3, 3, 3, 3, 3, 3, 3, 3, 3, 3, 3, 3, 3, 3, 3, 3, 3, 3, 3, 3, 3, 3, 3, 3, 3, 3, 3, 3, 3, 3, 3, 3, 3, 3, 3, 3, 3, 3, 3, 3, 3, 3, 3, 3, 3, 3, 3, 3, 3, 3, 3, 3, 3, 3, 3, 3, 3, 3, 3, 3, 3, 3, 3, 3, 3, 3, 3, 3, 3, 3, 3, 3, 3, 3, 3, 3, 3, 3, 3, 3, 3, 3, 3, 3, 3, 3, 3, 3, 3, 3, 3, 3, 3, 3, 3, 3, 3, 3, 3, 3, 3, 3, 3, 3, 3, 3, 3, 3, 3, 3, 3, 3, 3, 3, 3, 3, 3, 3, 3, 3, 3, 3, 3, 3, 3, 3, 3, 3, 3, 3, 3, 3, 3, 3, 3, 3, 3, 3, 3, 3, 3, 3, 3, 3, 3, 3, 3, 3, 3, 3, 3, 3, 3, 3, 3, 3, 3, 3, 3, 3, 3, 3, 3, 3, 3, 3, 3, 3, 3, 3, 3, 3, 3, 3, 3, 3, 3, 3, 3, 3, 3, 3, 3, 3, 3, 3, 3, 3, 3, 3, 3, 3, 3, 3, 3, 3, 3, 3, 3, 3, 3, 3, 3, 3, 3, 3, 3, 3, 3, 3, 3, 3, 3, 3, 3, 3, 3, 3, 3, 3, 3, 3, 3, 3, 3, 3, 3, 3, 3, 3, 3, 3, 3, 3, 3, 3, 3, 3, 3, 3, 3, 3, 3, 3, 3, 3, 3, 3, 3, 3, 3, 3, 3, 3, 3, 3, 3, 3, 3, 3, 3, 3, 3, 3, 3, 3, 3, 3, 3, 3, 3, 3, 3, 3, 3, 3, 3, 3, 3, 3, 3, 3, 3, 3, 3, 3, 3, 3, 3, 3, 3, 3, 3, 3, 3, 3, 3, 3, 3, 3, 3, 3, 3, 3, 3, 3, 3, 3, 3, 3, 3, 3, 3, 3, 3, 3, 3, 3, 3, 3, 3, 3, 3, 3, 3, 3, 3, 3, 3, 3, 3, 3, 3, 3, 3, 3, 3, 3, 3, 3, 3, 3, 3, 3, 3, 3, 3, 3, 3, 3, 3, 3, 3, 3, 3, 3, 3, 3, 3, 3, 3, 3, 3, 3, 3, 3, 3, 3, 3, 3, 3, 3, 3, 3, 3, 3, 3, 3, 3, 3, 3, 3, 3, 3, 3, 3, 3, 3, 3, 3, 3, 3, 3, 3, 3, 3, 3, 3, 3, 3, 3, 3, 3, 3, 3, 3, 3, 3, 3, 3, 3, 3, 3, 3, 3, 3, 3, 3, 3, 3, 3, 3, 3, 3, 3, 3, 3, 3, 3, 3, 3, 3, 3, 3, 3, 3, 3, 3, 3, 3, 3, 3, 3, 3, 3, 3, 3, 3, 3, 3, 3, 3, 3, 3, 3, 3, 3, 3, 3, 3, 3, 3, 3, 3, 3, 3, 3, 3, 3, 3, 3, 3, 3, 3, 3, 3, 3, 3, 3, 3, 3, 3, 3, 3, 3, 3, 3, 3, 3, 3, 3, 3, 3, 3, 3, 3, 3, 3, 3, 3, 3, 3, 3, 3, 3, 3, 3, 3, 3, 3, 3, 3, 3, 3, 3, 3, 3, 3, 3, 3, 3, 3, 3, 3, 3, 3, 3, 3, 3, 3, 3, 3, 3, 3, 3, 3, 3, 3, 3, 3, 3, 3, 3, 3, 3, 3, 3, 3, 3, 3, 3, 3, 3, 3, 3, 3, 3, 3, 3, 3, 3, 3, 3, 3, 3, 3, 3, 3, 3, 3, 3, 3, 3, 3, 3, 3, 3, 3, 3, 3, 3, 3, 3, 3, 3, 3, 3, 3, 3, 3, 3, 3, 3, 3, 3, 3, 3, 3, 3, 3, 3, 3, 3, 3, 3, 3, 3, 3, 3, 3, 3, 3, 3, 3, 3, 3, 3, 3, 3, 3, 3, 3, 3, 3, 3, 3, 3, 3, 3, 3, 3, 3, 3, 3, 3, 3, 3, 3, 3, 3, 3, 3, 3, 3, 3, 3, 3, 3, 3, 3, 3, 3, 3, 3, 3, 3, 3, 3, 3, 3, 3, 3, 3, 3, 3, 3, 3, 3, 3, 3, 3, 3, 3, 3, 3, 3, 3, 3, 3, 3, 3, 3, 3, 3, 3, 3, 3, 3, 3, 3, 3, 3, 3, 3, 3, 3, 3, 3, 3, 3, 3, 3, 3, 3, 3, 3, 3, 3, 3, 3, 3, 3, 3, 3, 3, 3, 3, 3, 3, 3, 3, 3, 3, 3, 3, 3, 3, 3, 3, 3, 3, 3, 3, 3, 3, 3, 3, 3, 3, 3, 3, 3, 3, 3, 3, 3, 3, 3, 3, 3, 3, 3, 3, 3, 3, 3, 3, 3, 3, 3, 3, 3, 3, 3, 3, 3, 3, 3, 3, 3, 3, 3, 3, 3, 3, 3, 3, 3, 3, 3, 3, 3, 3, 3, 3, 3, 3, 3, 3, 3, 3, 3, 3, 3, 3, 3, 3, 3, 3, 3, 3, 3, 3, 3, 3, 3, 3, 3, 3, 3, 3, 3, 3, 3, 3, 3, 3, 3, 3, 3, 3, 3, 3, 3, 3, 3, 3, 3, 3, 3, 3, 3, 3, 3, 3, 3, 3, 3, 3, 3, 3, 3, 3, 3, 3, 3, 3, 3, 3, 3, 3, 3, 3, 3, 3, 3, 3, 3, 3, 3, 3, 3, 3, 3, 3, 3, 3, 3, 3, 3, 3, 3, 3, 3, 3, 3, 3, 3, 3, 3, 3, 3, 3, 3, 3, 3, 3, 3, 3, 3, 3, 3, 3, 3, 3, 3, 3, 3, 3, 3, 3, 3, 3, 3, 3, 3, 3, 3, 3, 3, 3, 3, 3, 3, 3, 3, 3, 3, 3, 3, 3, 3, 3, 3, 3, 3, 3, 3, 3, 3, 3, 3, 3, 3, 3, 3, 3, 3, 3, 3, 3, 3, 3, 3, 3, 3, 3, 3, 3, 3, 3, 3, 3, 3, 3, 3, 3, 3, 3, 3, 3, 3, 3, 3, 3, 3, 3, 3, 3, 3, 3, 3, 3, 3, 3, 3, 3, 3, 3, 3, 3, 3, 3, 3, 3, 3, 3, 3, 3, 3, 3, 3, 3, 3, 3, 3, 3, 3, 3, 3, 3, 3, 3, 3, 3, 3, 3, 3, 3, 3, 3, 3, 3, 3, 3, 3, 3, 3, 3, 3, 3, 3, 3, 3, 3, 3, 3, 3, 3, 3, 3, 3, 3, 3, 3, 3, 3, 3, 3, 3, 3, 3, 3, 3, 3, 3, 3, 3, 3, 3, 3, 3, 3, 3, 3, 3, 3, 3, 3, 3, 3, 3, 3, 3, 3, 3, 3, 3, 3, 3, 3, 3, 3, 3, 3, 3, 3, 3, 3, 3, 3, 3, 3, 3, 3, 3, 3, 3, 3, 3, 3, 3, 3, 3, 3, 3, 3, 3, 3, 3, 3, 3, 3, 3, 3, 3, 3, 3, 3, 3, 3, 3, 3, 3, 3, 3, 3, 3, 3, 3, 3, 3, 3, 3, 3, 3, 3, 3, 3, 3, 3, 3, 3, 3, 3, 3, 3, 3, 3, 3, 3, 3, 3, 3, 3, 3, 3, 3, 3, 3, 3, 3, 3, 3, 3, 3, 3, 3, 3, 3, 3, 3, 3, 3, 3, 3, 3, 3, 3, 3, 3, 3, 3, 3, 3, 3, 3, 3, 3, 3, 3, 3, 3, 3, 3, 3, 3, 3, 3, 3, 3, 3, 3, 3, 3, 3, 3, 3, 3, 3, 3, 3, 3, 3, 3, 3, 3, 3, 3, 3, 3, 3, 3, 3, 3, 3, 3, 3, 3, 3, 3, 3, 3, 3, 3, 3, 3, 3, 3, 3, 3, 3, 3, 3, 3, 3, 3, 3, 3, 3, 3, 3, 3, 3, 3, 3, 3, 3, 3, 3, 3, 3, 3, 3, 3, 3, 3, 3, 3, 3, 3, 3, 3, 3, 3, 3, 3, 3, 3, 3, 3, 3, 3, 3, 3, 3, 3, 3, 3, 3, 3, 3, 3, 3, 3, 3, 3, 3, 3, 3, 3, 3, 3, 3, 3, 3, 3, 3, 3, 3, 3, 3, 3, 3, 3, 3, 3, 3, 3, 3, 3, 3, 3, 3, 3, 3, 3, 3, 3, 3, 3, 3, 3, 3, 3, 3, 3, 3, 3, 3, 3, 3, 3, 3, 3, 3, 3, 3, 3, 3, 3, 3, 3, 3, 3, 3, 3, 3, 3, 3, 3, 3, 3, 3, 3, 3, 3, 3, 3, 3, 3, 3, 3, 3, 3, 3, 3, 3, 3, 3, 3, 3, 3, 3, 3, 3, 3, 3, 3, 3, 3, 3, 3, 3, 3, 3, 3, 3, 3, 3, 3, 3, 3, 3, 3, 3, 3, 3, 3, 3, 3, 3, 3, 3, 3, 3, 3, 3, 3, 3, 3, 3, 3, 3, 3, 3, 3, 3, 3, 3, 3, 3, 3, 3, 3, 3, 3, 3, 3, 3, 3, 3, 3, 3, 3, 3, 3, 3, 3, 3, 3, 3, 3, 3, 3, 3, 3, 3, 3, 3, 3, 3, 3, 3, 3, 3, 3, 3, 3, 3, 3, 3, 3, 3, 3, 3, 3, 3, 3, 3, 3, 3, 3, 3, 3, 3, 3, 3, 3, 3, 3, 3, 3, 3, 3, 3, 3, 3, 3, 3, 3, 3, 3, 3, 3, 3, 3, 3, 3, 3, 3, 3, 3, 3, 3, 3, 3, 3, 3, 3, 3, 3, 3, 3, 3, 3, 3, 3, 3, 3, 3, 3, 3, 3, 3, 3, 3, 3, 3, 3, 3, 3, 3, 3, 3, 3, 3, 3, 3, 3, 3, 3, 3, 3, 3, 3, 3, 3, 3, 3, 3, 3, 3, 3, 3, 3, 3, 3, 3, 3, 3, 3, 3, 3, 3, 3, 3, 3, 3, 3, 3, 3, 3, 3, 3, 3, 3, 3, 3, 3, 3, 3, 3, 3, 3, 3, 3, 3, 3, 3, 3, 3, 3, 3, 3, 3, 3, 3, 3, 3, 3, 3, 3, 3, 3, 3, 3, 3, 3, 3, 3, 3, 3, 3, 3, 3, 3, 3, 3, 3, 3, 3, 3, 3, 3, 3, 3, 3, 3, 3, 3, 3, 3, 3, 3, 3, 3, 3, 3, 3, 3, 3, 3, 3, 3, 3, 3, 3, 3, 3, 3, 3, 3, 3, 3, 3, 3, 3, 3, 3, 3, 3, 3, 3, 3, 3, 3, 3, 3, 3, 3, 3, 3, 3, 3, 3, 3, 3, 3, 3, 3, 3, 3, 3, 3, 3, 3, 3, 3, 3, 3, 3, 3, 3, 3, 3, 3, 3, 3, 3, 3, 3, 3, 3, 3, 3, 3, 3, 3, 3, 3, 3, 3, 3, 3, 3, 3, 3, 3, 3, 3, 3, 3, 3, 3, 3, 3, 3, 3, 3, 3, 3, 3, 3, 3, 3, 3, 3, 3, 3, 3, 3, 3, 3, 3, 3, 3, 3, 3, 3, 3, 3, 3, 3, 3, 3, 3, 3, 3, 3, 3, 3, 3, 3, 3, 3, 3, 3, 3, 3, 3, 3, 3, 3, 3, 3, 3, 3, 3, 3, 3, 3, 3, 3, 3, 3, 3, 3, 3, 3, 3, 3, 3, 3, 3, 3, 3, 3, 3, 3, 3, 3, 3, 3, 3, 3, 3, 3, 3, 3, 3, 3, 3, 3, 3, 3, 3, 3, 3, 3, 3, 3, 3, 3, 3, 3, 3, 3, 3, 3, 3, 3, 3, 3, 3, 3, 3, 3, 3, 3, 3, 3, 3, 3, 3, 3, 3, 3, 3, 3, 3, 3, 3, 3, 3, 3, 3, 3, 3, 3, 3, 3, 3, 3, 3, 3, 3, 3, 3, 3, 3, 3, 3, 3, 3, 3, 3, 3, 3, 3, 3, 3, 3, 3, 3, 3, 3, 3, 3, 3, 3, 3, 3, 3, 3, 3, 3, 3, 3, 3, 3, 3, 3, 3, 3, 3, 3, 3, 3, 3, 3, 3, 3, 3, 3, 3, 3, 3, 3, 3, 3, 3, 3, 3, 3, 3, 3, 3, 3, 3, 3, 3, 3, 3, 3, 3, 3, 3, 3, 3, 3, 3, 3, 3, 3, 3, 3, 3, 3, 3, 3, 3, 3, 3, 3, 3, 3, 3, 3, 3, 3, 3, 3, 3, 3, 3, 3, 3, 3, 3, 3, 3, 3, 3, 3, 3, 3, 3, 3, 3, 3, 3, 3, 3, 3, 3, 3, 3, 3, 3, 3, 3, 3, 3, 3, 3, 3, 3, 3, 3, 3, 3, 3, 3, 3, 3, 3, 3, 3, 3, 3, 3, 3, 3, 3, 3, 3, 3, 3, 3, 3, 3, 3, 3, 3, 3, 3, 3, 3, 3, 3, 3, 3, 3, 3, 3, 3, 3, 3, 3, 3, 3, 3, 3, 3, 3, 3, 3, 3, 3, 3, 3, 3, 3, 3, 3, 3, 3, 3, 3, 3, 3, 3, 3, 3, 3, 3, 3, 3, 3, 3, 3, 3, 3, 3, 3, 3, 3, 3, 3, 3, 3, 3, 3, 3, 3, 3, 3, 3, 3, 3, 3, 3, 3, 3, 3, 3, 3, 3, 3, 3, 3, 3, 3, 3, 3, 3, 3, 3, 3, 3, 3, 3, 3, 3, 3, 3, 3, 3, 3, 3, 3, 3, 3, 3, 3, 3, 3, 3, 3, 3, 3, 3, 3, 3, 3, 3, 3, 3, 3, 3, 3, 3, 3, 3, 3, 3, 3, 3, 3, 3, 3, 3, 3, 3, 3, 3, 3, 3, 3, 3, 3, 3, 3, 3, 3, 3, 3, 3, 3, 3, 3, 3, 3, 3, 3, 3, 3, 3, 3, 3, 3, 3, 3, 3, 3, 3, 3, 3, 3, 3, 3, 3, 3, 3, 3, 3, 3, 3, 3, 3, 3, 3, 3, 3, 3, 3, 3, 3, 3, 3, 3, 3, 3, 3, 3, 3, 3, 3, 3, 3, 3, 3, 3, 3, 3, 3, 3, 3, 3, 3, 3, 3, 3, 3, 3, 3, 3, 3, 3, 3, 3, 3, 3, 3, 3, 3, 3, 3, 3, 3, 3, 3, 3, 3, 3, 3, 3, 3, 3, 3, 3, 3, 3, 3, 3, 3, 3, 3, 3, 3, 3, 3, 3, 3, 3, 3, 3, 3, 3, 3, 3, 3, 3, 3, 3, 3, 3, 3, 3, 3, 3, 3, 3, 3, 3, 3, 3, 3, 3, 3, 3, 3, 3, 3, 3, 3, 3, 3, 3, 3, 3, 3, 3, 3, 3, 3, 3, 3, 3, 3, 3, 3, 3, 3, 3, 3, 3, 3, 3, 3, 3, 3, 3, 3, 3, 3, 3, 3, 3, 3, 3, 3, 3, 3, 3, 3, 3, 3, 3, 3, 3, 3, 3, 3, 3, 3, 3, 3, 3, 3, 3, 3, 3, 3, 3, 3, 3, 3, 3, 3, 3, 3, 3, 3, 3, 3, 3, 3, 3, 3, 3, 3, 3, 3, 3, 3, 3, 3, 3, 3, 3, 3, 3, 3, 3, 3, 3, 3, 3, 3, 3, 3, 3, 3, 3, 3, 3, 3, 3, 3, 3, 3, 3, 3, 3, 3, 3, 3, 3, 3, 3, 3, 3, 3, 3, 3, 3, 3, 3, 3, 3, 3, 3, 3, 3, 3, 3, 3, 3, 3, 3, 3, 3, 3, 3, 3, 3, 3, 3, 3, 3, 3, 3, 3, 3, 3, 3, 3, 3, 3, 3, 3, 3, 3, 3, 3, 3, 3, 3, 3, 3, 3, 3, 3, 3, 3, 3, 3, 3, 3, 3, 3, 3, 3, 3, 3, 3, 3, 3, 3, 3, 3, 3, 3, 3, 3, 3, 3, 3, 3, 3, 3, 3, 3, 3, 3, 3, 3, 3, 3, 3, 3, 3, 3, 3, 3, 3, 3, 3, 3, 3, 3, 3, 3, 3, 3, 3, 3, 3, 3, 3, 3, 3, 3, 3, 3, 3, 3, 3, 3, 3, 3, 3, 3, 3, 3, 3, 3, 3, 3, 3, 3, 3, 3, 3, 3, 3, 3, 3, 3, 3, 3, 3, 3, 3, 3, 3, 3, 3, 3, 3, 3, 3, 3, 3, 3, 3, 3, 3, 3, 3, 3, 3, 3, 3, 3, 3, 3, 3, 3, 3, 3, 3, 3, 3, 3, 3, 3, 3, 3, 3, 3, 3, 3, 3, 3, 3, 3, 3, 3, 3, 3, 3, 3, 3, 3, 3, 3, 3, 3, 3, 3, 3, 3, 3, 3, 3, 3, 3, 3, 3, 3, 3, 3, 3, 3, 3, 3, 3, 3, 3, 3, 3, 3, 3, 3, 3, 3, 3, 3, 3, 3, 3, 3, 3, 3, 3, 3, 3, 3, 3, 3, 3, 3, 3, 3, 3, 3, 3, 3, 3, 3, 3, 3, 3, 3, 3, 3, 3, 3, 3, 3, 3, 3, 3, 3, 3, 3, 3, 3, 3, 3, 3, 3, 3, 3, 3, 3, 3, 3, 3, 3, 3, 3, 3, 3, 3, 3, 3, 3, 3, 3, 3, 3, 3, 3, 3, 3, 3, 3, 3, 3, 3, 3, 3, 3, 3, 3, 3, 3, 3, 3, 3, 3, 3, 3, 3, 3, 3, 3, 3, 3, 3, 3, 3, 3, 3, 3, 3, 3, 3, 3, 3, 3, 3, 3, 3, 3, 3, 3, 3, 3, 3, 3, 3, 3, 3, 3, 3, 3, 3, 3, 3, 3, 3, 3, 3, 3, 3, 3, 3, 3, 3, 3, 3, 3, 3, 3, 3, 3, 3, 3, 3, 3, 3, 3, 3, 3, 3, 3, 3, 3, 3, 3, 3, 3, 3, 3, 3, 3, 3, 3, 3, 3, 3, 3, 3, 3, 3, 3, 3, 3, 3, 3, 3, 3, 3, 3, 3, 3, 3, 3, 3, 3, 3, 3, 3, 3, 3, 3, 3, 3, 3, 3, 3, 3, 3, 3, 3, 3, 3, 3, 3, 3, 3, 3, 3, 3, 3, 3, 3, 3, 3, 3, 3, 3, 3, 3, 3, 3, 3, 3, 3, 3, 3, 3, 3, 3, 3, 3, 3, 3, 3, 3, 3, 3, 3, 3, 3, 3, 3, 3, 3, 3, 3, 3, 3, 3, 3, 3, 3, 3, 3, 3, 3, 3, 3, 3, 3, 3, 3, 3, 3, 3, 3, 3, 3, 3, 3, 3, 3, 3, 3, 3, 3, 3, 3, 3, 3, 3, 3, 3, 3, 3, 3, 3, 3, 3, 3, 3, 3, 3, 3, 3, 3, 3, 3, 3, 3, 3, 3, 3, 3, 3, 3, 3, 3, 3, 3, 3, 3, 3, 3, 3, 3, 3, 3, 3, 3, 3, 3, 3, 3, 3, 3, 3, 3, 3, 3, 3, 3, 3, 3, 3, 3, 3, 3, 3, 3, 3, 3, 3, 3, 3, 3, 3, 3, 3, 3, 3, 3, 3, 3, 3, 3, 3, 3, 3, 3, 3, 3, 3, 3, 3, 3, 3, 3, 3, 3, 3, 3, 3, 3, 3, 3, 3, 3, 3, 3, 3, 3, 3, 3, 3, 3, 3, 3, 3, 3, 3, 3, 3, 3, 3, 3, 3, 3, 3, 3, 3, 3, 3, 3, 3, 3, 3, 3, 3, 3, 3, 3, 3, 3, 3, 3, 3, 3, 3, 3, 3, 3, 3, 3, 3, 3, 3, 3, 3, 3, 3, 3, 3, 3, 3, 3, 3, 3, 3, 3, 3, 3, 3, 3, 3, 3, 3, 3, 3, 3, 3, 3, 3, 3, 3, 3, 3, 3, 3, 3, 3, 3, 3, 3, 3, 3, 3, 3, 3, 3, 3, 3, 3, 3, 3, 3, 3, 3, 3, 3, 3, 3, 3, 3, 3, 3, 3, 3, 3, 3, 3, 3, 3, 3, 3, 3, 3, 3, 3, 3, 3, 3, 3, 3, 3, 3, 3, 3, 3, 3, 3, 3, 3, 3, 3, 3, 3, 3, 3, 3, 3, 3, 3, 3, 3, 3, 3, 3, 3, 3, 3, 3, 3, 3, 3, 3, 3, 3, 3, 3, 3, 3, 3, 3, 3, 3, 3, 3, 3, 3, 3, 3, 3, 3, 3, 3, 3, 3, 3, 3, 3, 3, 3, 3, 3, 3, 3, 3, 3, 3, 3, 3, 3, 3, 3, 3, 3, 3, 3, 3, 3, 3, 3, 3, 3, 3, 3, 3, 3, 3, 3, 3, 3, 3, 3, 3, 3, 3, 3, 3, 3, 3, 3, 3, 3, 3, 3, 3, 3, 3, 3, 3, 3, 3, 3, 3, 3, 3, 3, 3, 3, 3, 3, 3, 3, 3, 3, 3, 3, 3, 3, 3, 3, 3, 3, 3, 3, 3, 3, 3, 3, 3, 3, 3, 3, 3, 3, 3, 3, 3, 3, 3, 3, 3, 3, 3, 3, 3, 3, 3, 3, 3, 3, 3, 3, 3, 3, 3, 3, 3, 3, 3, 3, 3, 3, 3, 3, 3, 3, 3, 3, 3, 3, 3, 3, 3, 3, 3, 3, 3, 3, 3, 3, 3, 3, 3, 3, 3, 3, 3, 3, 3, 3, 3, 3, 3, 3, 3, 3, 3, 3, 3, 3, 3, 3, 3, 3, 3, 3, 3, 3, 3, 3, 3, 3, 3, 3, 3, 3, 3, 3, 3, 3, 3, 3, 3, 3, 3, 3, 3, 3, 3, 3, 3, 3, 3, 3, 3, 3, 3, 3, 3, 3, 3, 3, 3, 3, 3, 3, 3, 3, 3, 3, 3, 3, 3, 3, 3, 3, 3, 3, 3, 3, 3, 3, 3, 3, 3, 3, 3, 3, 3, 3, 3, 3, 3, 3, 3, 3, 3, 3, 3, 3, 3, 3, 3, 3, 3, 3, 3, 3, 3, 3, 3, 3, 3, 3, 3, 3, 3, 3, 3, 3, 3, 3, 3, 3, 3, 3, 3, 3, 3, 3, 3, 3, 3, 3, 3, 3, 3, 3, 3, 3, 3, 3, 3, 3, 3, 3, 3, 3, 3, 3, 3, 3, 3, 3, 3, 3, 3, 3, 3, 3, 3, 3, 3, 3, 3, 3, 3, 3, 3, 3, 3, 3, 3, 3, 3, 3, 3, 3, 3, 3, 3, 3, 3, 3, 3, 3, 3, 3, 3, 3, 3, 3, 3, 3, 3, 3, 3, 3, 3, 3, 3, 3, 3, 3, 3, 3, 3, 3, 3, 3, 3, 3, 3, 3, 3, 3, 3, 3, 3, 3, 3, 3, 3, 3, 3, 3, 3, 3, 3, 3, 3, 3, 3, 3, 3, 3, 3, 3, 3, 3, 3, 3, 3, 3, 3, 3, 3, 3, 3, 3, 3, 3, 3, 3, 3, 3, 3, 3, 3, 3, 3, 3, 3, 3, 3, 3, 3, 3, 3, 3, 3, 3, 3, 3, 3, 3, 3, 3, 3, 3, 3, 3, 3, 3, 3, 3, 3, 3, 3, 3, 3, 3, 3, 3, 3, 3, 3, 3, 3, 3, 3, 3, 3, 3, 3, 3, 3, 3, 3, 3, 3, 3, 3, 3, 3, 3, 3, 3, 3, 3, 3, 3, 3, 3, 3, 3, 3, 3, 3, 3, 3, 3, 3, 3, 3, 3, 3, 3, 3, 3, 3, 3, 3, 3, 3, 3, 3, 3, 3, 3, 3, 3, 3, 3, 3, 3, 3, 3, 3, 3, 3, 3, 3, 3, 3, 3, 3, 3, 3, 3, 3, 3, 3, 3, 3, 3, 3, 3, 3, 3, 3, 3, 3, 3, 3, 3, 3, 3, 3, 3, 3, 3, 3, 3, 3, 3, 3, 3, 3, 3, 3, 3, 3, 3, 3, 3, 3, 3, 3, 3, 3, 3, 3, 3, 3, 3, 3, 3, 3, 3, 3, 3, 3, 3, 3, 3, 3, 3, 3, 3, 3, 3, 3, 3, 3, 3, 3, 3, 3, 3, 3, 3, 3, 3, 3, 3, 3, 3, 3, 3, 3, 3, 3, 3, 3, 3, 3, 3, 3, 3, 3, 3, 3, 3, 3, 3, 3, 3, 3, 3, 3, 3, 3, 3, 3, 3, 3, 3, 3, 3, 3, 3, 3, 3, 3, 3, 3, 3, 3, 3, 3, 3, 3, 3, 3, 3, 3, 3, 3, 3, 3, 3, 3, 3, 3, 3, 3, 3, 3, 3, 3, 3, 3, 3, 3, 3, 3, 3, 3, 3, 3, 3, 3, 3, 3, 3, 3, 3, 3, 3, 3, 3, 3, 3, 3, 3, 3, 3, 3, 3, 3, 3, 3, 3, 3, 3, 3, 3, 3, 3, 3, 3, 3, 3, 3, 3, 3, 3, 3, 3, 3, 3, 3, 3, 3, 3, 3, 3, 3, 3, 3, 3, 3, 3, 3, 3, 3, 3, 3, 3, 3, 3, 3, 3, 3, 3, 3, 3, 3, 3, 3, 3, 3, 3, 3, 3, 3, 3, 3, 3, 3, 3, 3, 3, 3, 3, 3, 3, 3, 3, 3, 3, 3, 3, 3, 3, 3, 3, 3, 3, 3, 3, 3, 3, 3, 3, 3, 3, 3, 3, 3, 3, 3, 3, 3, 3, 3, 3, 3, 3, 3, 3, 3, 3, 3, 3, 3, 3, 3, 3, 3, 3, 3, 3, 3, 3, 3, 3, 3, 3, 3, 3, 3, 3, 3, 3, 3, 3, 3, 3, 3, 3, 3, 3, 3, 3, 3, 3, 3, 3, 3, 3, 3, 3, 3, 3, 3, 3, 3, 3, 3, 3, 3, 3, 3, 3, 3, 3, 3, 3, 3, 3, 3, 3, 3, 3, 3, 3, 3, 3, 3, 3, 3, 3, 3, 3, 3, 3, 3, 3, 3, 3, 3, 3, 3, 3, 3, 3, 3, 3, 3, 3, 3, 3, 3, 3, 3, 3, 3, 3, 3, 3, 3, 3, 3, 3, 3, 3, 3, 3, 3, 3, 3, 3, 3, 3, 3, 3, 3, 3, 3, 3, 3, 3, 3, 3, 3, 3, 3, 3, 3, 3, 3, 3, 3, 3, 3, 3, 3, 3, 3, 3, 3, 3, 3, 3, 3, 3, 3, 3, 3, 3, 3, 3, 3, 3, 3, 3, 3, 3, 3, 3, 3, 3, 3, 3, 3, 3, 3, 3, 3, 3, 3, 3, 3, 3, 3, 3, 3, 3, 3, 3, 3, 3, 3, 3, 3, 3, 3, 3, 3, 3, 3, 3, 3, 3, 3, 3, 3, 3, 3, 3, 3, 3, 3, 3, 3, 3, 3, 3, 3, 3, 3, 3, 3, 3, 3, 3, 3, 3, 3, 3, 3, 3, 3, 3, 3, 3, 3, 3, 3, 3, 3, 3, 3, 3, 3, 3, 3, 3, 3, 3, 3, 3, 3, 3, 3, 3, 3, 3, 3, 3, 3, 3, 3, 3, 3, 3, 3, 3, 3, 3, 3, 3, 3, 3, 3, 3, 3, 3, 3, 3, 3, 3, 3, 3, 3, 3, 3, 3, 3, 3, 3, 3, 3, 3, 3, 3, 3, 3, 3, 3, 3, 3, 3, 3, 3, 3, 3, 3, 3, 3, 3, 3, 3, 3, 3, 3, 3, 3, 3, 3, 3, 3, 3, 3, 3, 3, 3, 3, 3, 3, 3, 3, 3, 3, 3, 3, 3, 3, 3, 3, 3, 3, 3, 3, 3, 3, 3, 3, 3, 3, 3, 3, 3, 3, 3, 3, 3, 3, 3, 3, 3, 3, 3, 3, 3, 3, 3, 3, 3, 3, 3, 3, 3, 3, 3, 3, 3, 3, 3, 3, 3, 3, 3, 3, 3, 3, 3, 3, 3, 3, 3, 3, 3, 3, 3, 3, 3, 3, 3, 3, 3, 3, 3, 3, 3, 3, 3, 3, 3, 3, 3, 3, 3, 3, 3, 3, 3, 3, 3, 3, 3, 3, 3, 3, 3, 3, 3, 3, 3, 3, 3, 3, 3, 3, 3, 3, 3, 3, 3, 3, 3, 3, 3, 3, 3, 3, 3, 3, 3, 3, 3, 3, 3, 3, 3, 3, 3, 3, 3, 3, 3, 3, 3, 3, 3, 3, 3, 3, 3, 3, 3, 3, 3, 3, 3, 3, 3, 3, 3]
             precision    recall  f1-score   support

          0       0.40      0.01      0.01       362
          1       0.00      0.00      0.00        79
          2       0.63      0.87      0.73       898
          3       0.95      0.98      0.97      3658

avg / total       0.84      0.87      0.84      4997

             precision    recall  f1-score   support

          0       0.00      0.00      0.00       362
          1       0.00      0.00      0.00        79
          2       0.00      0.00      0.00       898
          3       0.73      1.00      0.85      3658

avg / total       0.54      0.73      0.62      4997
